8212153
8214541
8220745
8221123
8222103
2024-02-03
2024-02-02
2024-02-04
8227245
8227255
8227277
8227297
8227305
2024-02-05
8244213
8242035
8245769
2024-02-06
8247701
8243975
2024-02-07
2024-02-08
8260627
8262589
8267301
8272979
8275033
8275927
8275955
2024-02-09
2024-02-10
2024-02-11
8279759
8279795
8282929
8283479
2024-02-12
8287233
8288247
8288637
8291411
2024-02-13
8300697
8306409
8308079
8309847
8310867
2024-02-15
8314111
8317531
8318329
8323763
8328559
2024-02-16
2024-02-17
2024-02-18
8339899
2024-02-19
8344463
2024-02-20
8355019
2024-02-21
8362717
8362657
8365203
8373841
8380227
